	Glo01	Glo02	Glo03	Glo04	Glo05	Glo06	Glo07	Glo08	Glo09	Glo10	Glo11	Glo12	Glo13	Glo14	Glo15	Glo16	Glo17	Glo18	Glo19	Glo20	Glo21	Glo22	Glo23	Glo24	Glo25	Glo26	Glo27	Glo28	Glo29	Glo30	Glo31	Glo32	Glo33	Glo34	Glo35	Glo36	Glo37	Glo38	Glo39	Glo40	Glo41	Glo42	Glo43	Glo44	Glo45	Glo46	Glo47	Glo48	Glo49
LN001	0.023	0.145	0.002	0.003	0.007	0.004	0.020	0.003	0.027	0.000	0.004	0.102	0.022	0.004	0.004	0.011	0.026	0.020	0.009	0.000	0.007	0.021	0.020	0.002	0.003	0.058	0.080	0.039	0.011	0.021	0.015	0.014	0.005	0.007	0.029	0.010	0.015	0.004	0.019	0.037	0.054	0.005	0.010	0.020	0.020	0.000	0.004	0.012	0.023
LN002	0.032	0.169	0.011	0.003	0.005	0.013	0.010	0.011	0.002	0.014	0.058	0.013	0.006	0.016	0.010	0.069	0.050	0.008	0.000	0.008	0.043	0.002	0.077	0.013	0.000	0.016	0.047	0.010	0.002	0.008	0.005	0.014	0.024	0.010	0.026	0.010	0.056	0.014	0.013	0.003	0.010	0.000	0.002	0.016	0.011	0.010	0.043	0.000	0.006
LN003	0.028	0.129	0.015	0.007	0.017	0.004	0.013	0.004	0.013	0.002	0.008	0.063	0.018	0.009	0.009	0.009	0.018	0.007	0.003	0.001	0.004	0.017	0.005	0.000	0.000	0.059	0.175	0.046	0.014	0.016	0.018	0.020	0.011	0.003	0.020	0.015	0.016	0.003	0.041	0.037	0.044	0.001	0.008	0.015	0.026	0.006	0.004	0.000	0.001
LN004	0.045	0.113	0.011	0.004	0.014	0.002	0.025	0.008	0.016	0.000	0.005	0.062	0.011	0.006	0.012	0.018	0.032	0.013	0.000	0.001	0.012	0.030	0.018	0.001	0.000	0.063	0.092	0.062	0.012	0.029	0.013	0.020	0.003	0.007	0.021	0.014	0.018	0.005	0.032	0.036	0.041	0.014	0.014	0.022	0.012	0.001	0.004	0.004	0.001
LN005	0.034	0.036	0.013	0.000	0.004	0.000	0.026	0.014	0.020	0.011	0.028	0.055	0.003	0.003	0.025	0.021	0.057	0.008	0.009	0.009	0.016	0.019	0.062	0.006	0.040	0.039	0.059	0.043	0.023	0.032	0.025	0.029	0.006	0.010	0.028	0.026	0.020	0.003	0.015	0.001	0.001	0.014	0.015	0.019	0.027	0.007	0.008	0.007	0.018
LN006	0.017	0.057	0.017	0.002	0.004	0.002	0.015	0.013	0.019	0.013	0.034	0.044	0.013	0.008	0.025	0.059	0.025	0.011	0.004	0.008	0.015	0.036	0.059	0.015	0.017	0.030	0.085	0.032	0.015	0.017	0.019	0.013	0.002	0.015	0.017	0.017	0.011	0.004	0.036	0.034	0.044	0.008	0.004	0.008	0.021	0.011	0.013	0.004	0.008
LN007	0.023	0.100	0.004	0.002	0.015	0.004	0.004	0.015	0.019	0.017	0.023	0.032	0.013	0.013	0.019	0.085	0.043	0.009	0.009	0.002	0.013	0.011	0.064	0.009	0.030	0.051	0.079	0.042	0.006	0.008	0.000	0.009	0.006	0.009	0.017	0.030	0.013	0.004	0.004	0.049	0.030	0.011	0.006	0.013	0.015	0.002	0.000	0.006	0.009
LN008	0.013	0.104	0.006	0.006	0.000	0.006	0.019	0.039	0.019	0.019	0.000	0.091	0.000	0.000	0.000	0.013	0.045	0.000	0.000	0.052	0.019	0.013	0.013	0.019	0.000	0.006	0.058	0.000	0.000	0.052	0.006	0.045	0.006	0.013	0.032	0.032	0.065	0.013	0.006	0.084	0.013	0.000	0.006	0.006	0.006	0.013	0.019	0.000	0.013
LN009	0.044	0.085	0.032	0.006	0.022	0.006	0.006	0.006	0.000	0.016	0.032	0.060	0.038	0.000	0.022	0.035	0.051	0.006	0.000	0.006	0.025	0.013	0.028	0.000	0.028	0.006	0.032	0.073	0.016	0.006	0.006	0.022	0.009	0.003	0.038	0.047	0.032	0.003	0.028	0.003	0.013	0.009	0.016	0.016	0.019	0.000	0.003	0.000	0.028
LN010	0.028	0.067	0.007	0.011	0.005	0.002	0.019	0.017	0.028	0.028	0.038	0.074	0.008	0.008	0.036	0.041	0.057	0.017	0.012	0.000	0.007	0.020	0.049	0.009	0.011	0.032	0.076	0.024	0.014	0.022	0.009	0.005	0.003	0.002	0.012	0.014	0.017	0.002	0.008	0.042	0.048	0.007	0.003	0.003	0.023	0.011	0.005	0.002	0.017
LN011	0.000	0.146	0.000	0.013	0.013	0.000	0.000	0.000	0.017	0.025	0.000	0.054	0.000	0.017	0.000	0.062	0.058	0.004	0.021	0.008	0.000	0.042	0.037	0.013	0.042	0.050	0.046	0.096	0.025	0.025	0.017	0.000	0.008	0.004	0.000	0.013	0.021	0.000	0.000	0.008	0.029	0.008	0.004	0.004	0.013	0.000	0.021	0.013	0.025
LN012	0.055	0.114	0.007	0.000	0.007	0.004	0.022	0.018	0.037	0.007	0.007	0.033	0.000	0.011	0.004	0.099	0.062	0.004	0.000	0.018	0.004	0.007	0.033	0.000	0.022	0.077	0.088	0.018	0.026	0.018	0.015	0.004	0.011	0.015	0.037	0.033	0.000	0.000	0.000	0.000	0.000	0.026	0.004	0.004	0.011	0.011	0.000	0.000	0.029
LN013	0.000	0.072	0.000	0.000	0.000	0.000	0.017	0.007	0.002	0.024	0.011	0.039	0.011	0.000	0.037	0.076	0.037	0.004	0.026	0.000	0.002	0.037	0.080	0.002	0.000	0.017	0.085	0.017	0.000	0.000	0.013	0.000	0.000	0.000	0.028	0.020	0.024	0.011	0.093	0.043	0.052	0.011	0.000	0.024	0.026	0.007	0.000	0.017	0.028
LN014	0.028	0.094	0.009	0.003	0.008	0.006	0.029	0.012	0.003	0.018	0.009	0.057	0.017	0.009	0.015	0.022	0.019	0.010	0.009	0.000	0.008	0.045	0.009	0.001	0.003	0.033	0.079	0.039	0.013	0.032	0.008	0.019	0.007	0.007	0.040	0.011	0.043	0.006	0.032	0.024	0.067	0.012	0.010	0.032	0.013	0.006	0.003	0.016	0.003
LN015	0.005	0.160	0.000	0.000	0.000	0.000	0.029	0.029	0.041	0.023	0.000	0.000	0.041	0.008	0.006	0.039	0.021	0.016	0.032	0.006	0.033	0.000	0.002	0.010	0.000	0.058	0.098	0.032	0.000	0.000	0.000	0.031	0.000	0.018	0.042	0.008	0.061	0.016	0.000	0.000	0.001	0.001	0.016	0.036	0.006	0.000	0.000	0.006	0.070
LN016	0.049	0.317	0.000	0.015	0.003	0.000	0.034	0.000	0.140	0.000	0.034	0.000	0.018	0.009	0.009	0.000	0.000	0.000	0.000	0.000	0.000	0.000	0.000	0.000	0.000	0.104	0.192	0.000	0.000	0.000	0.003	0.018	0.009	0.000	0.000	0.000	0.000	0.000	0.009	0.037	0.000	0.000	0.000	0.000	0.000	0.000	0.000	0.000	0.000
LN017	0.043	0.112	0.012	0.003	0.012	0.009	0.047	0.009	0.000	0.006	0.006	0.047	0.003	0.012	0.006	0.000	0.034	0.009	0.000	0.012	0.025	0.019	0.003	0.003	0.000	0.006	0.068	0.043	0.016	0.034	0.000	0.016	0.000	0.000	0.040	0.016	0.043	0.000	0.075	0.028	0.040	0.028	0.028	0.040	0.022	0.003	0.000	0.019	0.000
LN018	0.041	0.096	0.014	0.007	0.007	0.014	0.027	0.007	0.007	0.007	0.034	0.021	0.014	0.000	0.048	0.021	0.021	0.014	0.007	0.007	0.007	0.055	0.000	0.007	0.000	0.048	0.034	0.034	0.027	0.027	0.000	0.021	0.000	0.041	0.041	0.041	0.014	0.000	0.000	0.007	0.007	0.021	0.014	0.021	0.000	0.021	0.007	0.048	0.048
LN019	0.022	0.066	0.000	0.000	0.000	0.011	0.011	0.018	0.000	0.011	0.015	0.077	0.011	0.000	0.022	0.051	0.055	0.015	0.018	0.007	0.018	0.055	0.029	0.015	0.081	0.004	0.059	0.051	0.007	0.004	0.000	0.029	0.004	0.004	0.011	0.007	0.004	0.026	0.029	0.007	0.022	0.018	0.004	0.015	0.011	0.007	0.007	0.018	0.044
LN020	0.018	0.106	0.011	0.008	0.004	0.003	0.019	0.011	0.024	0.028	0.020	0.013	0.015	0.006	0.022	0.032	0.022	0.010	0.013	0.010	0.016	0.030	0.043	0.019	0.003	0.024	0.063	0.033	0.011	0.018	0.003	0.025	0.005	0.014	0.025	0.025	0.032	0.010	0.010	0.038	0.034	0.009	0.016	0.016	0.013	0.010	0.010	0.006	0.043
LN021	0.009	0.195	0.014	0.009	0.005	0.005	0.005	0.000	0.000	0.000	0.005	0.018	0.009	0.000	0.005	0.077	0.068	0.005	0.027	0.009	0.000	0.023	0.009	0.027	0.018	0.005	0.063	0.036	0.000	0.005	0.005	0.023	0.018	0.009	0.000	0.005	0.027	0.009	0.050	0.027	0.000	0.045	0.036	0.036	0.014	0.009	0.000	0.041	0.000
LN022	0.000	0.000	0.000	0.000	0.000	0.000	0.000	0.014	0.067	0.017	0.000	0.028	0.000	0.000	0.000	0.154	0.000	0.014	0.022	0.000	0.014	0.039	0.059	0.011	0.022	0.031	0.022	0.025	0.006	0.020	0.000	0.008	0.000	0.000	0.028	0.000	0.028	0.053	0.006	0.011	0.011	0.011	0.022	0.025	0.022	0.051	0.101	0.014	0.039
LN023	0.082	0.082	0.009	0.007	0.022	0.013	0.026	0.011	0.061	0.002	0.013	0.054	0.009	0.020	0.033	0.041	0.046	0.024	0.035	0.000	0.017	0.017	0.035	0.013	0.009	0.002	0.041	0.035	0.002	0.000	0.000	0.017	0.000	0.007	0.011	0.000	0.009	0.009	0.002	0.043	0.030	0.004	0.002	0.015	0.000	0.009	0.013	0.013	0.056
LN024	0.080	0.080	0.034	0.003	0.003	0.009	0.003	0.020	0.009	0.026	0.000	0.057	0.006	0.009	0.003	0.023	0.009	0.003	0.003	0.000	0.040	0.037	0.054	0.014	0.000	0.043	0.029	0.069	0.029	0.014	0.003	0.023	0.020	0.009	0.003	0.006	0.020	0.000	0.000	0.029	0.011	0.014	0.029	0.049	0.023	0.043	0.000	0.003	0.009
LN025	0.075	0.075	0.006	0.008	0.006	0.028	0.033	0.014	0.017	0.006	0.044	0.039	0.000	0.000	0.028	0.011	0.000	0.011	0.008	0.000	0.008	0.008	0.097	0.003	0.006	0.044	0.011	0.031	0.000	0.008	0.014	0.014	0.006	0.000	0.022	0.011	0.031	0.006	0.039	0.058	0.072	0.003	0.031	0.028	0.003	0.006	0.000	0.008	0.025
LN026	0.072	0.072	0.006	0.001	0.016	0.012	0.037	0.001	0.045	0.002	0.010	0.066	0.014	0.011	0.019	0.005	0.004	0.015	0.001	0.001	0.014	0.049	0.006	0.012	0.000	0.039	0.077	0.073	0.009	0.003	0.007	0.034	0.002	0.001	0.023	0.015	0.023	0.011	0.054	0.045	0.036	0.001	0.003	0.017	0.009	0.018	0.002	0.002	0.008
LN027	0.060	0.060	0.005	0.000	0.029	0.017	0.002	0.019	0.024	0.001	0.012	0.043	0.020	0.000	0.031	0.134	0.002	0.000	0.035	0.000	0.000	0.014	0.092	0.012	0.025	0.018	0.041	0.040	0.004	0.005	0.017	0.001	0.010	0.001	0.010	0.019	0.001	0.005	0.034	0.011	0.051	0.011	0.000	0.002	0.019	0.019	0.000	0.011	0.034
LN028	0.059	0.059	0.012	0.002	0.003	0.002	0.031	0.022	0.030	0.009	0.005	0.040	0.000	0.000	0.002	0.030	0.039	0.001	0.015	0.004	0.000	0.029	0.055	0.013	0.044	0.050	0.047	0.052	0.008	0.016	0.004	0.022	0.000	0.002	0.005	0.015	0.017	0.015	0.118	0.003	0.021	0.008	0.000	0.002	0.028	0.023	0.005	0.000	0.033
LN029	0.133	0.133	0.024	0.000	0.001	0.005	0.009	0.014	0.010	0.020	0.016	0.014	0.022	0.009	0.002	0.081	0.010	0.008	0.006	0.000	0.000	0.000	0.022	0.017	0.026	0.022	0.047	0.032	0.012	0.016	0.004	0.011	0.001	0.006	0.000	0.005	0.009	0.008	0.065	0.081	0.002	0.000	0.017	0.011	0.024	0.018	0.000	0.001	0.026
LN030	0.015	0.015	0.033	0.003	0.003	0.018	0.003	0.012	0.015	0.000	0.024	0.052	0.021	0.006	0.027	0.018	0.046	0.030	0.000	0.003	0.021	0.036	0.015	0.009	0.000	0.006	0.027	0.085	0.015	0.009	0.021	0.027	0.012	0.018	0.043	0.018	0.036	0.021	0.070	0.009	0.027	0.000	0.036	0.061	0.009	0.000	0.006	0.000	0.012
LN031	0.088	0.088	0.031	0.000	0.005	0.005	0.031	0.031	0.031	0.010	0.005	0.046	0.010	0.000	0.015	0.062	0.005	0.010	0.036	0.000	0.005	0.010	0.005	0.026	0.052	0.036	0.031	0.052	0.010	0.031	0.005	0.005	0.000	0.000	0.010	0.010	0.015	0.000	0.015	0.015	0.000	0.026	0.010	0.021	0.010	0.031	0.000	0.010	0.046
LN032	0.079	0.079	0.000	0.004	0.009	0.009	0.022	0.007	0.052	0.022	0.035	0.006	0.006	0.013	0.009	0.061	0.026	0.015	0.041	0.000	0.033	0.015	0.013	0.009	0.006	0.035	0.072	0.042	0.006	0.017	0.002	0.006	0.007	0.024	0.004	0.000	0.013	0.002	0.009	0.015	0.037	0.000	0.006	0.028	0.000	0.037	0.020	0.000	0.050
LN033	0.037	0.037	0.013	0.001	0.010	0.016	0.021	0.015	0.039	0.018	0.019	0.046	0.009	0.013	0.036	0.059	0.009	0.013	0.021	0.000	0.007	0.025	0.072	0.012	0.037	0.032	0.041	0.021	0.007	0.013	0.011	0.029	0.005	0.007	0.019	0.019	0.017	0.007	0.020	0.047	0.027	0.013	0.000	0.018	0.009	0.002	0.010	0.007	0.038
LN034	0.039	0.039	0.020	0.000	0.012	0.008	0.027	0.027	0.004	0.020	0.062	0.062	0.020	0.004	0.027	0.008	0.012	0.027	0.008	0.000	0.020	0.023	0.016	0.008	0.008	0.027	0.027	0.066	0.016	0.004	0.012	0.000	0.039	0.035	0.043	0.004	0.008	0.023	0.055	0.000	0.016	0.000	0.016	0.027	0.004	0.008	0.035	0.012	0.023
LN035	0.028	0.028	0.023	0.000	0.019	0.000	0.009	0.014	0.019	0.000	0.000	0.065	0.000	0.000	0.000	0.000	0.000	0.000	0.000	0.000	0.000	0.014	0.000	0.023	0.106	0.032	0.023	0.060	0.042	0.009	0.023	0.032	0.023	0.014	0.014	0.023	0.009	0.014	0.065	0.032	0.014	0.028	0.019	0.019	0.051	0.028	0.028	0.023	0.028
LN036	0.100	0.100	0.009	0.002	0.012	0.000	0.009	0.037	0.030	0.016	0.005	0.060	0.000	0.000	0.002	0.005	0.000	0.005	0.000	0.000	0.000	0.021	0.084	0.007	0.044	0.005	0.091	0.005	0.000	0.026	0.007	0.023	0.005	0.019	0.007	0.007	0.019	0.028	0.009	0.037	0.019	0.000	0.005	0.028	0.023	0.035	0.035	0.000	0.021
LN037	0.030	0.073	0.001	0.005	0.000	0.000	0.004	0.007	0.013	0.002	0.015	0.004	0.018	0.021	0.060	0.102	0.040	0.014	0.001	0.000	0.049	0.003	0.060	0.009	0.078	0.027	0.055	0.013	0.000	0.005	0.006	0.024	0.008	0.026	0.008	0.008	0.037	0.010	0.004	0.022	0.052	0.004	0.000	0.049	0.012	0.006	0.003	0.006	0.006
LN038	0.036	0.035	0.024	0.001	0.019	0.023	0.040	0.008	0.011	0.011	0.023	0.079	0.007	0.011	0.024	0.032	0.031	0.008	0.001	0.015	0.015	0.039	0.001	0.000	0.000	0.032	0.034	0.080	0.008	0.017	0.011	0.025	0.012	0.011	0.025	0.034	0.032	0.007	0.025	0.017	0.025	0.017	0.013	0.029	0.021	0.004	0.005	0.000	0.019
LN039	0.024	0.060	0.019	0.004	0.013	0.011	0.035	0.022	0.011	0.015	0.022	0.028	0.006	0.009	0.026	0.050	0.020	0.009	0.017	0.011	0.007	0.034	0.084	0.013	0.026	0.013	0.028	0.022	0.015	0.019	0.011	0.020	0.013	0.011	0.024	0.011	0.013	0.000	0.060	0.030	0.026	0.007	0.013	0.017	0.002	0.013	0.017	0.009	0.028
LN040	0.058	0.228	0.018	0.007	0.060	0.047	0.004	0.000	0.122	0.000	0.043	0.001	0.041	0.036	0.007	0.001	0.018	0.012	0.000	0.000	0.034	0.000	0.000	0.000	0.000	0.081	0.102	0.000	0.000	0.000	0.007	0.038	0.000	0.000	0.000	0.000	0.000	0.000	0.000	0.037	0.000	0.000	0.000	0.000	0.000	0.000	0.000	0.000	0.000
LN041	0.000	0.002	0.000	0.000	0.000	0.000	0.011	0.000	0.000	0.002	0.000	0.207	0.000	0.000	0.000	0.070	0.112	0.011	0.000	0.000	0.035	0.059	0.242	0.000	0.000	0.000	0.000	0.000	0.000	0.000	0.018	0.000	0.046	0.000	0.002	0.009	0.048	0.040	0.000	0.002	0.026	0.004	0.000	0.037	0.002	0.000	0.000	0.011	0.002
LN042	0.000	0.023	0.002	0.000	0.001	0.000	0.007	0.016	0.015	0.002	0.001	0.094	0.000	0.000	0.005	0.121	0.054	0.021	0.036	0.012	0.004	0.054	0.119	0.010	0.000	0.018	0.008	0.024	0.005	0.011	0.001	0.014	0.001	0.006	0.008	0.005	0.055	0.014	0.041	0.033	0.075	0.000	0.001	0.022	0.002	0.011	0.007	0.000	0.039
LN043	0.024	0.046	0.017	0.004	0.027	0.011	0.048	0.023	0.006	0.008	0.009	0.097	0.005	0.008	0.013	0.007	0.026	0.006	0.008	0.009	0.016	0.019	0.000	0.002	0.001	0.036	0.082	0.072	0.026	0.015	0.023	0.040	0.023	0.016	0.023	0.023	0.034	0.002	0.036	0.017	0.027	0.003	0.004	0.018	0.009	0.000	0.019	0.006	0.005
LN044	0.028	0.057	0.008	0.004	0.013	0.006	0.041	0.016	0.020	0.015	0.015	0.049	0.005	0.005	0.013	0.051	0.030	0.009	0.011	0.014	0.019	0.021	0.050	0.017	0.033	0.028	0.030	0.021	0.003	0.016	0.003	0.048	0.006	0.007	0.025	0.022	0.015	0.007	0.023	0.045	0.030	0.000	0.006	0.025	0.023	0.011	0.009	0.010	0.035
LN045	0.023	0.050	0.015	0.003	0.008	0.014	0.037	0.015	0.015	0.015	0.010	0.048	0.001	0.002	0.031	0.031	0.024	0.014	0.019	0.003	0.018	0.025	0.058	0.008	0.032	0.043	0.057	0.032	0.020	0.017	0.013	0.025	0.016	0.013	0.013	0.017	0.013	0.006	0.019	0.026	0.027	0.019	0.010	0.009	0.009	0.017	0.018	0.017	0.021
LN046	0.010	0.001	0.037	0.000	0.032	0.013	0.081	0.032	0.047	0.020	0.000	0.000	0.000	0.000	0.001	0.000	0.000	0.015	0.000	0.004	0.016	0.000	0.000	0.011	0.000	0.078	0.116	0.078	0.063	0.038	0.014	0.068	0.016	0.029	0.006	0.020	0.011	0.005	0.015	0.000	0.000	0.004	0.013	0.029	0.019	0.037	0.014	0.000	0.005
LN047	0.037	0.044	0.005	0.008	0.015	0.012	0.044	0.006	0.031	0.039	0.086	0.087	0.007	0.003	0.051	0.060	0.029	0.018	0.000	0.000	0.016	0.052	0.080	0.012	0.000	0.019	0.051	0.001	0.001	0.007	0.020	0.007	0.007	0.001	0.006	0.007	0.025	0.009	0.030	0.002	0.002	0.002	0.002	0.008	0.005	0.000	0.001	0.006	0.042
LN048	0.069	0.061	0.013	0.010	0.003	0.011	0.063	0.006	0.005	0.000	0.062	0.036	0.038	0.036	0.014	0.000	0.001	0.004	0.013	0.013	0.000	0.031	0.007	0.001	0.049	0.011	0.044	0.008	0.001	0.019	0.035	0.001	0.000	0.000	0.002	0.012	0.048	0.015	0.022	0.023	0.000	0.041	0.008	0.027	0.009	0.027	0.018	0.039	0.046
LN049	0.054	0.043	0.020	0.002	0.017	0.017	0.028	0.025	0.051	0.014	0.028	0.054	0.000	0.009	0.026	0.023	0.025	0.016	0.008	0.006	0.003	0.005	0.014	0.006	0.017	0.026	0.047	0.016	0.002	0.008	0.016	0.028	0.006	0.008	0.047	0.029	0.025	0.006	0.062	0.039	0.026	0.002	0.011	0.033	0.006	0.019	0.014	0.003	0.012
LN050	0.013	0.000	0.016	0.013	0.022	0.028	0.022	0.019	0.044	0.006	0.016	0.031	0.000	0.000	0.003	0.022	0.044	0.003	0.009	0.025	0.025	0.041	0.031	0.006	0.000	0.059	0.059	0.100	0.000	0.000	0.000	0.034	0.009	0.006	0.016	0.037	0.013	0.003	0.053	0.006	0.041	0.022	0.034	0.022	0.000	0.000	0.003	0.003	0.041
LN051	0.035	0.038	0.020	0.000	0.007	0.011	0.028	0.026	0.022	0.009	0.030	0.062	0.005	0.012	0.032	0.039	0.018	0.005	0.008	0.003	0.009	0.016	0.047	0.014	0.020	0.028	0.058	0.025	0.009	0.016	0.009	0.030	0.013	0.012	0.026	0.012	0.026	0.001	0.054	0.049	0.025	0.004	0.003	0.007	0.008	0.012	0.026	0.005	0.026
LN052	0.042	0.066	0.000	0.015	0.003	0.006	0.027	0.045	0.033	0.018	0.021	0.003	0.003	0.009	0.024	0.015	0.060	0.006	0.018	0.015	0.009	0.006	0.024	0.009	0.027	0.021	0.084	0.009	0.003	0.009	0.018	0.063	0.006	0.009	0.033	0.039	0.039	0.015	0.009	0.024	0.015	0.003	0.003	0.000	0.009	0.009	0.009	0.036	0.036
LN053	0.035	0.031	0.004	0.000	0.010	0.011	0.037	0.019	0.019	0.026	0.044	0.080	0.000	0.003	0.024	0.049	0.010	0.011	0.006	0.000	0.012	0.035	0.118	0.010	0.010	0.000	0.028	0.017	0.007	0.004	0.000	0.018	0.021	0.010	0.029	0.035	0.012	0.011	0.025	0.057	0.057	0.011	0.000	0.011	0.004	0.004	0.017	0.006	0.014
LN054	0.027	0.000	0.000	0.000	0.027	0.020	0.001	0.002	0.006	0.001	0.025	0.011	0.000	0.000	0.029	0.042	0.043	0.004	0.017	0.018	0.010	0.010	0.044	0.011	0.002	0.116	0.078	0.080	0.055	0.041	0.027	0.053	0.006	0.001	0.017	0.017	0.020	0.010	0.041	0.006	0.004	0.002	0.012	0.002	0.026	0.012	0.002	0.000	0.023
LN055	0.017	0.173	0.015	0.003	0.001	0.006	0.048	0.008	0.021	0.052	0.027	0.023	0.038	0.016	0.021	0.074	0.055	0.004	0.013	0.000	0.011	0.000	0.042	0.012	0.025	0.004	0.002	0.003	0.000	0.021	0.000	0.000	0.000	0.000	0.032	0.004	0.041	0.014	0.044	0.064	0.003	0.001	0.001	0.006	0.008	0.000	0.000	0.000	0.047
LN056	0.036	0.199	0.031	0.001	0.000	0.000	0.032	0.005	0.004	0.018	0.040	0.027	0.049	0.006	0.015	0.109	0.027	0.004	0.031	0.000	0.010	0.014	0.052	0.012	0.000	0.053	0.009	0.012	0.000	0.017	0.000	0.006	0.000	0.000	0.007	0.000	0.010	0.003	0.000	0.016	0.009	0.012	0.027	0.030	0.009	0.000	0.000	0.000	0.059
LN057	0.053	0.148	0.018	0.014	0.002	0.000	0.014	0.003	0.002	0.026	0.029	0.000	0.005	0.010	0.008	0.077	0.053	0.000	0.026	0.005	0.023	0.000	0.013	0.011	0.029	0.021	0.079	0.060	0.023	0.019	0.019	0.014	0.000	0.000	0.021	0.011	0.005	0.000	0.005	0.006	0.063	0.000	0.019	0.026	0.027	0.002	0.002	0.000	0.010
LN058	0.008	0.160	0.000	0.009	0.000	0.000	0.001	0.009	0.019	0.009	0.006	0.069	0.025	0.008	0.005	0.074	0.077	0.008	0.011	0.010	0.003	0.020	0.060	0.007	0.000	0.054	0.010	0.031	0.028	0.036	0.003	0.012	0.005	0.003	0.006	0.008	0.037	0.004	0.002	0.039	0.062	0.000	0.007	0.021	0.012	0.010	0.009	0.000	0.004
LN059	0.018	0.073	0.006	0.004	0.005	0.000	0.009	0.007	0.031	0.016	0.024	0.036	0.011	0.005	0.016	0.070	0.050	0.019	0.014	0.001	0.011	0.017	0.064	0.014	0.025	0.040	0.068	0.036	0.011	0.025	0.005	0.021	0.000	0.005	0.026	0.016	0.025	0.007	0.012	0.040	0.019	0.008	0.020	0.017	0.007	0.002	0.009	0.004	0.031
LN060	0.016	0.171	0.009	0.002	0.000	0.003	0.008	0.001	0.049	0.001	0.039	0.011	0.032	0.007	0.008	0.069	0.034	0.007	0.012	0.005	0.010	0.003	0.013	0.000	0.018	0.019	0.157	0.033	0.035	0.007	0.003	0.030	0.004	0.014	0.035	0.008	0.022	0.000	0.003	0.002	0.000	0.005	0.010	0.020	0.000	0.000	0.000	0.009	0.052
LN061	0.030	0.060	0.002	0.002	0.019	0.012	0.011	0.027	0.029	0.006	0.032	0.013	0.055	0.005	0.002	0.026	0.044	0.026	0.009	0.005	0.000	0.012	0.028	0.036	0.039	0.030	0.007	0.044	0.014	0.019	0.000	0.001	0.008	0.022	0.002	0.022	0.035	0.022	0.006	0.063	0.035	0.002	0.032	0.036	0.024	0.007	0.003	0.024	0.012
LN062	0.032	0.211	0.013	0.006	0.006	0.010	0.048	0.026	0.022	0.004	0.004	0.052	0.034	0.005	0.013	0.009	0.020	0.011	0.000	0.000	0.020	0.063	0.004	0.002	0.000	0.039	0.096	0.000	0.000	0.000	0.000	0.045	0.000	0.000	0.000	0.000	0.000	0.003	0.041	0.076	0.067	0.000	0.000	0.000	0.000	0.015	0.003	0.000	0.000
LN063	0.000	0.000	0.000	0.000	0.000	0.000	0.000	0.000	0.000	0.120	0.000	0.107	0.000	0.000	0.013	0.120	0.013	0.000	0.000	0.000	0.000	0.200	0.107	0.000	0.067	0.000	0.000	0.000	0.000	0.000	0.000	0.000	0.000	0.000	0.000	0.000	0.000	0.000	0.000	0.000	0.147	0.000	0.000	0.000	0.000	0.000	0.000	0.000	0.107
LN064	0.026	0.045	0.009	0.001	0.011	0.013	0.021	0.013	0.021	0.013	0.024	0.028	0.001	0.001	0.019	0.027	0.021	0.016	0.011	0.003	0.012	0.036	0.049	0.013	0.019	0.033	0.069	0.036	0.018	0.022	0.002	0.020	0.005	0.020	0.019	0.010	0.026	0.014	0.073	0.039	0.036	0.013	0.012	0.020	0.009	0.016	0.012	0.004	0.018
LN065	0.013	0.047	0.004	0.005	0.013	0.004	0.019	0.014	0.019	0.022	0.001	0.036	0.004	0.000	0.021	0.050	0.037	0.022	0.020	0.005	0.019	0.032	0.086	0.017	0.027	0.043	0.027	0.049	0.019	0.010	0.001	0.019	0.005	0.022	0.030	0.002	0.033	0.019	0.001	0.045	0.016	0.014	0.010	0.022	0.004	0.011	0.005	0.016	0.040
LN066	0.021	0.124	0.013	0.001	0.006	0.007	0.029	0.011	0.021	0.011	0.020	0.023	0.003	0.004	0.028	0.009	0.015	0.006	0.000	0.002	0.013	0.026	0.011	0.011	0.001	0.056	0.109	0.027	0.014	0.024	0.008	0.024	0.004	0.025	0.037	0.024	0.018	0.007	0.048	0.041	0.032	0.008	0.014	0.011	0.008	0.008	0.011	0.015	0.011
LN067	0.020	0.020	0.002	0.000	0.013	0.000	0.004	0.000	0.008	0.002	0.032	0.001	0.015	0.003	0.026	0.092	0.029	0.013	0.048	0.009	0.001	0.000	0.009	0.000	0.029	0.021	0.100	0.100	0.028	0.035	0.008	0.051	0.019	0.023	0.000	0.012	0.013	0.008	0.039	0.002	0.045	0.006	0.008	0.034	0.003	0.006	0.002	0.000	0.057
LN068	0.011	0.011	0.043	0.000	0.012	0.004	0.015	0.027	0.022	0.003	0.079	0.010	0.018	0.007	0.041	0.119	0.021	0.012	0.033	0.003	0.000	0.002	0.091	0.007	0.012	0.005	0.011	0.022	0.022	0.022	0.016	0.000	0.014	0.000	0.000	0.018	0.037	0.013	0.005	0.001	0.044	0.001	0.013	0.016	0.018	0.030	0.000	0.000	0.087
LN069	0.037	0.037	0.000	0.000	0.008	0.019	0.017	0.001	0.044	0.042	0.050	0.018	0.000	0.000	0.021	0.063	0.006	0.033	0.041	0.000	0.033	0.004	0.083	0.007	0.013	0.057	0.032	0.004	0.009	0.028	0.006	0.001	0.000	0.000	0.038	0.030	0.025	0.012	0.004	0.110	0.001	0.001	0.000	0.001	0.018	0.002	0.000	0.001	0.045
LN070	0.100	0.100	0.015	0.000	0.000	0.000	0.033	0.006	0.006	0.000	0.021	0.021	0.024	0.006	0.003	0.012	0.033	0.006	0.000	0.009	0.009	0.003	0.000	0.003	0.015	0.057	0.076	0.097	0.033	0.039	0.024	0.006	0.012	0.015	0.003	0.027	0.003	0.009	0.045	0.036	0.024	0.006	0.012	0.027	0.009	0.003	0.003	0.000	0.006
LN071	0.060	0.060	0.009	0.002	0.002	0.010	0.067	0.010	0.027	0.010	0.025	0.089	0.040	0.001	0.006	0.091	0.006	0.010	0.006	0.000	0.002	0.029	0.105	0.010	0.000	0.002	0.036	0.000	0.000	0.000	0.000	0.023	0.012	0.000	0.038	0.026	0.010	0.002	0.002	0.031	0.034	0.005	0.003	0.003	0.022	0.030	0.002	0.006	0.037
LN072	0.149	0.149	0.006	0.013	0.027	0.067	0.004	0.000	0.183	0.000	0.083	0.000	0.025	0.043	0.033	0.000	0.000	0.000	0.000	0.000	0.000	0.000	0.000	0.000	0.000	0.060	0.097	0.000	0.000	0.000	0.003	0.034	0.004	0.001	0.000	0.000	0.000	0.000	0.000	0.016	0.000	0.000	0.000	0.000	0.000	0.000	0.000	0.000	0.000
LN073	0.058	0.058	0.026	0.003	0.013	0.010	0.032	0.010	0.033	0.000	0.000	0.052	0.017	0.005	0.001	0.005	0.018	0.001	0.009	0.001	0.015	0.037	0.001	0.001	0.000	0.051	0.073	0.063	0.012	0.023	0.018	0.038	0.007	0.004	0.031	0.023	0.013	0.006	0.045	0.051	0.057	0.005	0.010	0.034	0.012	0.002	0.008	0.000	0.004
LN074	0.000	0.000	0.000	0.000	0.000	0.000	0.000	0.000	0.000	0.000	0.000	0.000	0.000	0.000	0.063	0.000	0.000	0.127	0.079	0.000	0.000	0.079	0.651	0.000	0.000	0.000	0.000	0.000	0.000	0.000	0.000	0.000	0.000	0.000	0.000	0.000	0.000	0.000	0.000	0.000	0.000	0.000	0.000	0.000	0.000	0.000	0.000	0.000	0.000
LN075	0.054	0.054	0.028	0.004	0.018	0.023	0.040	0.012	0.033	0.002	0.002	0.088	0.009	0.008	0.003	0.008	0.021	0.004	0.000	0.000	0.010	0.031	0.007	0.001	0.022	0.034	0.065	0.036	0.013	0.027	0.017	0.029	0.007	0.001	0.023	0.016	0.021	0.007	0.070	0.030	0.043	0.005	0.001	0.018	0.020	0.001	0.007	0.012	0.015
LN076	0.064	0.064	0.027	0.009	0.027	0.020	0.035	0.003	0.046	0.000	0.003	0.070	0.007	0.004	0.001	0.000	0.007	0.002	0.007	0.006	0.024	0.039	0.001	0.001	0.002	0.037	0.063	0.050	0.004	0.017	0.009	0.045	0.000	0.001	0.013	0.018	0.023	0.009	0.064	0.037	0.039	0.008	0.019	0.029	0.023	0.014	0.003	0.009	0.000
LN077	0.026	0.026	0.010	0.000	0.010	0.000	0.005	0.000	0.036	0.000	0.036	0.016	0.016	0.000	0.005	0.021	0.047	0.000	0.016	0.000	0.000	0.031	0.010	0.000	0.005	0.073	0.057	0.073	0.021	0.016	0.016	0.021	0.010	0.000	0.005	0.005	0.005	0.000	0.130	0.016	0.036	0.016	0.031	0.021	0.042	0.016	0.021	0.016	0.036
LN078	0.016	0.016	0.014	0.005	0.011	0.016	0.037	0.021	0.032	0.026	0.019	0.035	0.002	0.005	0.019	0.051	0.026	0.003	0.023	0.003	0.018	0.026	0.024	0.010	0.047	0.005	0.021	0.043	0.019	0.006	0.023	0.026	0.014	0.024	0.023	0.019	0.010	0.016	0.050	0.019	0.032	0.011	0.003	0.014	0.016	0.018	0.016	0.013	0.053
LN079	0.054	0.054	0.000	0.009	0.023	0.000	0.027	0.005	0.059	0.018	0.032	0.032	0.014	0.018	0.027	0.072	0.036	0.023	0.036	0.000	0.014	0.014	0.068	0.000	0.023	0.054	0.027	0.009	0.000	0.000	0.000	0.005	0.000	0.023	0.050	0.014	0.018	0.009	0.000	0.000	0.000	0.005	0.009	0.036	0.000	0.027	0.009	0.000	0.050
LN080	0.022	0.022	0.005	0.000	0.003	0.000	0.010	0.025	0.025	0.021	0.004	0.077	0.000	0.000	0.004	0.064	0.004	0.010	0.012	0.000	0.000	0.051	0.106	0.012	0.045	0.026	0.038	0.030	0.009	0.025	0.021	0.030	0.005	0.014	0.022	0.028	0.017	0.014	0.034	0.043	0.033	0.005	0.000	0.013	0.005	0.010	0.025	0.004	0.022
LN081	0.033	0.033	0.016	0.005	0.006	0.015	0.051	0.016	0.041	0.012	0.051	0.070	0.005	0.005	0.055	0.073	0.023	0.024	0.002	0.001	0.009	0.025	0.021	0.005	0.006	0.003	0.036	0.016	0.008	0.010	0.011	0.031	0.003	0.012	0.029	0.016	0.001	0.013	0.061	0.037	0.027	0.000	0.001	0.009	0.001	0.013	0.017	0.000	0.040
LN082	0.058	0.058	0.029	0.002	0.014	0.015	0.018	0.000	0.030	0.001	0.014	0.058	0.008	0.007	0.004	0.018	0.024	0.021	0.004	0.006	0.018	0.041	0.000	0.004	0.004	0.021	0.055	0.062	0.013	0.016	0.019	0.027	0.010	0.015	0.023	0.029	0.009	0.002	0.073	0.036	0.039	0.018	0.010	0.023	0.013	0.017	0.007	0.005	0.001
LN083	0.048	0.048	0.021	0.010	0.018	0.016	0.039	0.006	0.029	0.000	0.017	0.063	0.005	0.011	0.016	0.026	0.023	0.010	0.000	0.004	0.011	0.040	0.002	0.004	0.003	0.033	0.048	0.065	0.014	0.015	0.021	0.030	0.011	0.001	0.027	0.019	0.022	0.014	0.035	0.045	0.052	0.002	0.005	0.033	0.014	0.012	0.005	0.003	0.006
LN084	0.030	0.068	0.014	0.007	0.005	0.003	0.016	0.018	0.026	0.006	0.038	0.051	0.008	0.005	0.024	0.049	0.039	0.015	0.008	0.000	0.011	0.021	0.066	0.004	0.015	0.040	0.096	0.023	0.017	0.021	0.017	0.014	0.007	0.006	0.025	0.025	0.025	0.003	0.011	0.047	0.033	0.004	0.003	0.006	0.006	0.004	0.006	0.003	0.012
LN085	0.019	0.072	0.004	0.004	0.000	0.000	0.017	0.015	0.025	0.018	0.014	0.074	0.011	0.010	0.026	0.068	0.040	0.012	0.010	0.006	0.008	0.025	0.086	0.007	0.016	0.027	0.058	0.022	0.005	0.027	0.007	0.013	0.006	0.004	0.018	0.011	0.016	0.007	0.006	0.061	0.063	0.008	0.006	0.008	0.013	0.005	0.005	0.003	0.016
LN086	0.023	0.122	0.004	0.005	0.002	0.000	0.022	0.008	0.026	0.000	0.017	0.062	0.020	0.009	0.015	0.006	0.034	0.017	0.000	0.001	0.011	0.023	0.012	0.004	0.000	0.077	0.104	0.042	0.018	0.028	0.020	0.025	0.000	0.003	0.016	0.017	0.009	0.000	0.048	0.041	0.054	0.006	0.010	0.011	0.011	0.004	0.001	0.007	0.007
LN087	0.023	0.124	0.006	0.006	0.015	0.002	0.019	0.009	0.014	0.000	0.039	0.053	0.016	0.008	0.012	0.004	0.029	0.016	0.000	0.003	0.017	0.016	0.022	0.000	0.000	0.089	0.132	0.025	0.018	0.023	0.010	0.023	0.003	0.001	0.019	0.013	0.017	0.000	0.025	0.047	0.056	0.001	0.012	0.009	0.015	0.001	0.005	0.004	0.000
LN088	0.020	0.077	0.014	0.005	0.012	0.003	0.024	0.019	0.021	0.017	0.022	0.042	0.015	0.006	0.026	0.070	0.060	0.015	0.008	0.004	0.017	0.017	0.070	0.011	0.040	0.040	0.036	0.042	0.013	0.019	0.010	0.017	0.009	0.009	0.020	0.018	0.015	0.005	0.005	0.013	0.024	0.001	0.014	0.011	0.006	0.006	0.012	0.000	0.020
LN089	0.020	0.047	0.001	0.004	0.001	0.000	0.013	0.013	0.019	0.030	0.039	0.068	0.014	0.009	0.030	0.097	0.050	0.017	0.012	0.001	0.002	0.031	0.097	0.003	0.028	0.007	0.020	0.008	0.009	0.018	0.004	0.004	0.000	0.003	0.043	0.012	0.031	0.009	0.020	0.048	0.043	0.012	0.004	0.008	0.019	0.001	0.007	0.004	0.020
LN090	0.021	0.093	0.011	0.004	0.005	0.005	0.015	0.014	0.025	0.017	0.026	0.044	0.013	0.007	0.025	0.060	0.040	0.013	0.013	0.008	0.012	0.025	0.062	0.010	0.032	0.039	0.050	0.036	0.014	0.025	0.002	0.015	0.001	0.001	0.021	0.017	0.026	0.006	0.006	0.026	0.025	0.004	0.014	0.019	0.016	0.007	0.012	0.000	0.018
LN091	0.052	0.146	0.020	0.020	0.000	0.000	0.025	0.013	0.041	0.015	0.013	0.034	0.008	0.013	0.017	0.060	0.036	0.013	0.020	0.010	0.030	0.011	0.002	0.020	0.003	0.027	0.085	0.020	0.001	0.000	0.003	0.016	0.005	0.000	0.023	0.001	0.063	0.001	0.010	0.032	0.006	0.005	0.005	0.031	0.016	0.004	0.000	0.007	0.020
LN092	0.029	0.054	0.010	0.001	0.001	0.001	0.029	0.011	0.026	0.024	0.022	0.020	0.013	0.008	0.019	0.017	0.021	0.014	0.008	0.002	0.020	0.027	0.015	0.021	0.006	0.024	0.084	0.021	0.010	0.031	0.012	0.024	0.007	0.020	0.038	0.023	0.027	0.017	0.061	0.030	0.042	0.006	0.010	0.021	0.012	0.007	0.004	0.024	0.027
LN093	0.011	0.098	0.006	0.004	0.008	0.003	0.044	0.022	0.014	0.028	0.027	0.052	0.021	0.004	0.013	0.001	0.022	0.013	0.004	0.002	0.012	0.036	0.006	0.006	0.000	0.039	0.100	0.023	0.014	0.034	0.004	0.032	0.002	0.004	0.035	0.014	0.051	0.003	0.023	0.040	0.052	0.010	0.015	0.015	0.010	0.003	0.002	0.010	0.008
LN094	0.016	0.098	0.006	0.002	0.003	0.002	0.029	0.015	0.023	0.019	0.004	0.023	0.009	0.006	0.016	0.041	0.034	0.012	0.020	0.001	0.017	0.029	0.061	0.011	0.013	0.054	0.070	0.024	0.010	0.029	0.002	0.028	0.003	0.012	0.025	0.018	0.036	0.009	0.006	0.036	0.034	0.014	0.010	0.021	0.005	0.006	0.004	0.010	0.028
LN095	0.019	0.070	0.009	0.004	0.005	0.004	0.023	0.014	0.026	0.021	0.022	0.030	0.012	0.006	0.018	0.026	0.014	0.010	0.011	0.000	0.022	0.035	0.036	0.011	0.030	0.033	0.072	0.032	0.012	0.028	0.005	0.024	0.008	0.020	0.029	0.020	0.024	0.010	0.033	0.034	0.029	0.013	0.005	0.014	0.010	0.012	0.008	0.024	0.020
LN096	0.019	0.055	0.009	0.002	0.002	0.005	0.018	0.011	0.020	0.027	0.024	0.040	0.006	0.004	0.019	0.050	0.019	0.013	0.020	0.001	0.006	0.045	0.064	0.010	0.029	0.033	0.041	0.023	0.011	0.014	0.007	0.016	0.001	0.011	0.029	0.011	0.028	0.007	0.025	0.045	0.057	0.016	0.005	0.011	0.011	0.010	0.007	0.029	0.033
LN097	0.025	0.096	0.009	0.004	0.008	0.003	0.043	0.018	0.032	0.004	0.003	0.037	0.010	0.006	0.005	0.013	0.024	0.013	0.004	0.004	0.019	0.036	0.007	0.013	0.003	0.033	0.083	0.030	0.017	0.029	0.000	0.037	0.000	0.001	0.033	0.016	0.051	0.002	0.026	0.043	0.048	0.015	0.015	0.016	0.016	0.006	0.007	0.023	0.013
LN098	0.025	0.089	0.012	0.005	0.016	0.006	0.027	0.008	0.027	0.012	0.006	0.041	0.005	0.004	0.008	0.011	0.017	0.011	0.002	0.004	0.017	0.032	0.028	0.005	0.026	0.063	0.090	0.016	0.020	0.028	0.007	0.038	0.004	0.008	0.031	0.016	0.039	0.004	0.031	0.044	0.057	0.003	0.004	0.009	0.009	0.005	0.003	0.012	0.013
LN099	0.036	0.010	0.006	0.002	0.000	0.003	0.032	0.006	0.035	0.023	0.013	0.040	0.000	0.000	0.029	0.038	0.001	0.016	0.012	0.000	0.006	0.049	0.055	0.005	0.008	0.037	0.024	0.017	0.009	0.027	0.004	0.024	0.007	0.022	0.040	0.030	0.041	0.006	0.055	0.065	0.097	0.008	0.001	0.016	0.005	0.005	0.005	0.009	0.019
LN100	0.034	0.095	0.013	0.010	0.002	0.005	0.006	0.003	0.021	0.009	0.017	0.013	0.021	0.010	0.010	0.053	0.029	0.008	0.016	0.010	0.023	0.020	0.073	0.004	0.037	0.022	0.050	0.034	0.005	0.030	0.003	0.024	0.004	0.010	0.009	0.007	0.018	0.003	0.040	0.022	0.046	0.014	0.019	0.012	0.016	0.009	0.003	0.027	0.031
LN101	0.030	0.062	0.012	0.005	0.009	0.009	0.025	0.012	0.025	0.018	0.024	0.038	0.006	0.007	0.010	0.036	0.023	0.011	0.019	0.001	0.013	0.028	0.033	0.016	0.014	0.017	0.071	0.022	0.008	0.019	0.007	0.020	0.004	0.016	0.010	0.017	0.047	0.013	0.020	0.041	0.056	0.011	0.007	0.022	0.012	0.008	0.008	0.016	0.042
LN102	0.027	0.088	0.006	0.006	0.015	0.007	0.030	0.012	0.010	0.010	0.018	0.027	0.023	0.002	0.007	0.031	0.019	0.011	0.002	0.005	0.017	0.025	0.016	0.003	0.004	0.070	0.181	0.035	0.018	0.019	0.009	0.031	0.007	0.004	0.027	0.017	0.023	0.004	0.017	0.027	0.022	0.009	0.010	0.013	0.009	0.005	0.005	0.009	0.008
LN103	0.018	0.018	0.013	0.000	0.002	0.007	0.026	0.018	0.022	0.016	0.046	0.082	0.001	0.003	0.029	0.052	0.009	0.014	0.028	0.000	0.006	0.043	0.124	0.004	0.051	0.000	0.010	0.022	0.001	0.008	0.005	0.006	0.003	0.001	0.032	0.027	0.023	0.008	0.049	0.043	0.052	0.002	0.001	0.008	0.008	0.002	0.019	0.004	0.031
LN104	0.020	0.020	0.000	0.000	0.000	0.000	0.000	0.000	0.027	0.012	0.006	0.105	0.000	0.000	0.001	0.110	0.031	0.012	0.054	0.003	0.010	0.064	0.137	0.004	0.004	0.028	0.015	0.047	0.021	0.024	0.000	0.003	0.002	0.005	0.005	0.008	0.020	0.003	0.011	0.053	0.078	0.000	0.001	0.018	0.006	0.007	0.000	0.000	0.022
LN105	0.020	0.020	0.013	0.002	0.000	0.009	0.040	0.012	0.031	0.023	0.041	0.053	0.003	0.008	0.036	0.061	0.019	0.016	0.010	0.004	0.010	0.023	0.077	0.008	0.023	0.001	0.003	0.028	0.009	0.017	0.011	0.009	0.005	0.006	0.034	0.027	0.014	0.011	0.062	0.024	0.047	0.010	0.004	0.016	0.018	0.009	0.009	0.011	0.052
LN106	0.058	0.058	0.014	0.005	0.010	0.010	0.032	0.014	0.032	0.014	0.032	0.043	0.007	0.007	0.020	0.041	0.013	0.010	0.010	0.004	0.009	0.020	0.041	0.010	0.001	0.030	0.049	0.061	0.020	0.013	0.011	0.013	0.013	0.009	0.023	0.013	0.012	0.010	0.031	0.031	0.014	0.004	0.013	0.020	0.016	0.026	0.018	0.006	0.029
LN107	0.032	0.032	0.002	0.000	0.003	0.000	0.009	0.005	0.042	0.043	0.027	0.039	0.000	0.000	0.045	0.042	0.024	0.023	0.038	0.002	0.003	0.013	0.072	0.006	0.020	0.030	0.027	0.031	0.010	0.016	0.001	0.013	0.003	0.001	0.022	0.015	0.022	0.013	0.071	0.058	0.047	0.001	0.007	0.014	0.006	0.008	0.006	0.000	0.053
LN108	0.030	0.030	0.017	0.005	0.005	0.006	0.029	0.014	0.036	0.014	0.040	0.076	0.008	0.006	0.034	0.054	0.007	0.014	0.022	0.000	0.007	0.038	0.094	0.006	0.037	0.017	0.019	0.015	0.005	0.010	0.004	0.021	0.003	0.004	0.023	0.018	0.016	0.008	0.044	0.048	0.044	0.008	0.001	0.007	0.013	0.007	0.005	0.013	0.020
LN109	0.033	0.018	0.010	0.000	0.010	0.008	0.044	0.018	0.029	0.020	0.029	0.070	0.000	0.005	0.024	0.052	0.020	0.013	0.013	0.001	0.005	0.025	0.087	0.015	0.026	0.021	0.029	0.015	0.009	0.009	0.012	0.030	0.012	0.011	0.028	0.031	0.028	0.010	0.029	0.046	0.039	0.001	0.001	0.009	0.002	0.009	0.012	0.009	0.025
LN110	0.024	0.019	0.004	0.001	0.003	0.006	0.041	0.010	0.018	0.025	0.026	0.078	0.001	0.007	0.033	0.099	0.042	0.019	0.035	0.005	0.010	0.034	0.120	0.010	0.037	0.007	0.010	0.013	0.003	0.003	0.005	0.010	0.006	0.005	0.021	0.014	0.026	0.006	0.010	0.037	0.033	0.008	0.003	0.005	0.003	0.005	0.005	0.008	0.047
LN111	0.050	0.001	0.007	0.005	0.012	0.011	0.052	0.006	0.018	0.029	0.031	0.025	0.001	0.012	0.037	0.073	0.008	0.016	0.006	0.000	0.004	0.023	0.089	0.007	0.039	0.022	0.033	0.013	0.014	0.016	0.011	0.027	0.020	0.012	0.012	0.016	0.032	0.002	0.075	0.053	0.044	0.010	0.000	0.009	0.004	0.000	0.007	0.002	0.003
LN112	0.000	0.000	0.000	0.000	0.000	0.000	0.000	0.000	0.000	0.000	0.000	0.000	0.000	0.000	0.000	0.004	0.000	0.000	0.028	0.000	0.000	0.000	0.000	0.000	0.000	0.000	0.000	0.341	0.039	0.007	0.000	0.000	0.005	0.025	0.038	0.075	0.129	0.049	0.000	0.000	0.000	0.000	0.008	0.145	0.005	0.000	0.001	0.000	0.101
LN113	0.027	0.049	0.015	0.002	0.009	0.006	0.031	0.017	0.016	0.014	0.024	0.056	0.005	0.008	0.020	0.047	0.030	0.015	0.024	0.008	0.015	0.015	0.049	0.009	0.027	0.027	0.044	0.046	0.015	0.021	0.010	0.020	0.012	0.013	0.025	0.024	0.030	0.010	0.015	0.036	0.025	0.002	0.006	0.017	0.008	0.013	0.018	0.001	0.025
LN114	0.027	0.010	0.007	0.000	0.004	0.004	0.035	0.012	0.020	0.020	0.019	0.072	0.004	0.003	0.040	0.072	0.024	0.010	0.024	0.004	0.006	0.024	0.108	0.010	0.056	0.006	0.009	0.005	0.003	0.012	0.007	0.017	0.005	0.004	0.024	0.020	0.033	0.011	0.052	0.044	0.040	0.006	0.001	0.011	0.010	0.003	0.004	0.018	0.040
LN115	0.040	0.014	0.012	0.001	0.007	0.006	0.039	0.011	0.024	0.029	0.040	0.119	0.000	0.006	0.044	0.072	0.014	0.020	0.018	0.001	0.008	0.038	0.125	0.007	0.013	0.008	0.017	0.001	0.004	0.004	0.005	0.017	0.002	0.001	0.028	0.015	0.019	0.006	0.022	0.045	0.052	0.002	0.001	0.006	0.005	0.002	0.003	0.005	0.023
